1.000000000000000000e+00 5.772355654832057592e-01 1.265564641329169904e+00
2.000000000000000000e+00 6.438938116286149205e-01 1.264965031436583676e+00
3.000000000000000000e+00 6.671093149211093642e-01 1.248380930236441699e+00
4.000000000000000000e+00 6.616998112939890264e-01 1.229200327120593128e+00
5.000000000000000000e+00 6.541328932747045855e-01 1.242484753177511392e+00
6.000000000000000000e+00 6.566681325533710867e-01 1.283792629887109626e+00
7.000000000000000000e+00 6.678360755079782995e-01 1.350661154522551533e+00
8.000000000000000000e+00 6.643230557409229853e-01 1.419407159364735493e+00
9.000000000000000000e+00 6.384107146404121025e-01 1.442741438168582579e+00
1.000000000000000000e+01 6.219733381630372371e-01 1.429523362057381952e+00
1.100000000000000000e+01 6.176693629729971269e-01 1.370090329631417969e+00
1.200000000000000000e+01 6.277920323827554938e-01 1.275432055728981329e+00
1.300000000000000000e+01 6.540399569677203262e-01 1.210669189841570681e+00
1.400000000000000000e+01 6.441739700676143432e-01 1.190862592688237909e+00
1.500000000000000000e+01 6.126337335963069064e-01 1.246056847762269548e+00
1.600000000000000000e+01 5.887333526586170374e-01 1.394121756142594926e+00
1.700000000000000000e+01 5.765654044956051161e-01 1.560252942581410007e+00
1.800000000000000000e+01 6.206189256779592878e-01 1.692204538162585870e+00
1.900000000000000000e+01 6.993591977018605021e-01 1.743590284981141769e+00
2.000000000000000000e+01 7.793040148168443038e-01 1.677842218260844120e+00
2.100000000000000000e+01 8.275014669624688457e-01 1.548789617577634781e+00
2.200000000000000000e+01 8.097597148511833653e-01 1.410204515589376761e+00
2.300000000000000000e+01 7.284874138106692820e-01 1.299604758708823748e+00
2.400000000000000000e+01 5.913648479615016829e-01 1.251936694097227853e+00
2.500000000000000000e+01 4.656213473086676102e-01 1.254747348614787761e+00
2.600000000000000000e+01 3.825350363851428015e-01 1.297059477028315699e+00
2.700000000000000000e+01 3.705730126203566344e-01 1.376144796998743036e+00
2.800000000000000000e+01 4.393693321048272593e-01 1.465549259281975436e+00
2.900000000000000000e+01 5.114976749105308862e-01 1.551975952877435727e+00
3.000000000000000000e+01 5.624368264431151010e-01 1.604310690504509918e+00
3.100000000000000000e+01 5.528456464808815252e-01 1.595177553538537740e+00
3.200000000000000000e+01 4.878884391592444025e-01 1.558864606077809078e+00
3.300000000000000000e+01 4.321531783884136058e-01 1.505349172000827185e+00
3.400000000000000000e+01 3.856519159335637936e-01 1.457049591592211257e+00
3.500000000000000000e+01 3.652796339240269585e-01 1.444223483044341227e+00
3.600000000000000000e+01 3.384956528524304398e-01 1.409813115502354997e+00
3.700000000000000000e+01 2.554532883714017433e-01 1.350797684704231338e+00
3.800000000000000000e+01 1.562927197121978251e-01 1.306234683470019808e+00
3.900000000000000000e+01 6.796077904992428587e-02 1.262876288588536955e+00
4.000000000000000000e+01 3.266317963005583441e-02 1.283744899122894134e+00
4.100000000000000000e+01 9.779759551565783693e-02 1.387928166321484857e+00
4.200000000000000000e+01 2.064857651838000185e-01 1.481508276309034366e+00
4.300000000000000000e+01 2.956942579288704964e-01 1.545714587133192097e+00
4.400000000000000000e+01 3.304369830198082836e-01 1.534908949731932370e+00
4.500000000000000000e+01 2.675135103395119285e-01 1.409558841231492554e+00
4.600000000000000000e+01 1.541818683227194897e-01 1.272634659698529624e+00
4.700000000000000000e+01 7.394362292339828890e-02 1.187494843707076253e+00
4.800000000000000000e+01 7.085302212476123074e-02 1.180822823518823173e+00
4.900000000000000000e+01 1.809543997787455838e-01 1.278279410652123804e+00
5.000000000000000000e+01 3.697431045582501019e-01 1.392601132616641202e+00
5.100000000000000000e+01 5.529037959575787697e-01 1.427689982426666893e+00
5.200000000000000000e+01 6.696676093200946145e-01 1.367889330939516812e+00
5.300000000000000000e+01 6.877317310716595244e-01 1.235248336876656250e+00
5.400000000000000000e+01 6.290134782540631742e-01 1.107530327576090379e+00
5.500000000000000000e+01 5.478517250211936140e-01 1.082996111916783910e+00
5.600000000000000000e+01 4.904705150987590523e-01 1.181889950158127478e+00
5.700000000000000000e+01 4.777864787013131331e-01 1.343118458793999714e+00
5.800000000000000000e+01 4.974231641813598448e-01 1.497203488655827197e+00
5.900000000000000000e+01 5.434536143853537782e-01 1.578600437777065046e+00
6.000000000000000000e+01 6.177415566159607518e-01 1.553135314683595336e+00
6.100000000000000000e+01 7.219845861651241758e-01 1.480043744450445287e+00
6.200000000000000000e+01 8.509861486505253536e-01 1.394922355258739533e+00
6.300000000000000000e+01 9.622673594313033707e-01 1.305049018427022478e+00
6.400000000000000000e+01 1.000000000000000000e+00 1.246718247666144475e+00
6.500000000000000000e+01 9.355124520983366665e-01 1.197122011316072765e+00
6.600000000000000000e+01 7.896182102076230169e-01 1.170202462608478378e+00
6.700000000000000000e+01 6.231346154947727811e-01 1.204598410906233541e+00
6.800000000000000000e+01 5.068229641349992765e-01 1.272352439881734742e+00
6.900000000000000000e+01 4.693251813765459413e-01 1.354934425253265129e+00
7.000000000000000000e+01 4.880183302239012866e-01 1.422607181429558443e+00
7.100000000000000000e+01 5.225037917677325394e-01 1.438773497550346558e+00
7.200000000000000000e+01 5.254029460525306838e-01 1.420674275128220421e+00
7.300000000000000000e+01 5.018574564943601990e-01 1.402183222668871077e+00
7.400000000000000000e+01 4.772682680580797587e-01 1.377598030419151076e+00
7.500000000000000000e+01 4.577598504147326608e-01 1.342045542738766084e+00
7.600000000000000000e+01 4.636804442043643282e-01 1.279929496011086965e+00
7.700000000000000000e+01 4.653713813988063497e-01 1.172275824584715131e+00
7.800000000000000000e+01 4.291599781550156645e-01 1.063184082460834734e+00
7.900000000000000000e+01 3.712121049291416952e-01 9.871492676167682445e-01
8.000000000000000000e+01 3.045929601051174940e-01 9.919943443835236296e-01
8.100000000000000000e+01 2.492253381848531513e-01 1.075898446799505637e+00
8.200000000000000000e+01 2.413841228983327203e-01 1.195471415176785568e+00
8.300000000000000000e+01 2.693065007715915726e-01 1.335774603780234937e+00
8.400000000000000000e+01 2.818235784233566465e-01 1.402128526228654692e+00
8.500000000000000000e+01 2.936363338910386589e-01 1.408557141980077754e+00
8.600000000000000000e+01 3.015255377907497536e-01 1.383797590989636506e+00
8.700000000000000000e+01 3.014107224716186528e-01 1.299452730959167912e+00
8.800000000000000000e+01 3.612182989836738578e-01 1.254943680740715495e+00
8.900000000000000000e+01 4.404977125972130980e-01 1.224453330082129199e+00
9.000000000000000000e+01 4.750074164415201139e-01 1.173209862754580612e+00
9.100000000000000000e+01 6.105646885559103954e-01 1.265264836382876901e+00
9.200000000000000000e+01 6.555015632748621979e-01 1.256672980836512687e+00
9.300000000000000000e+01 6.644045631075492508e-01 1.238790628678517525e+00
9.400000000000000000e+01 6.579163522843467504e-01 1.235842540149052260e+00
9.500000000000000000e+01 6.554005129140378916e-01 1.263138691532310620e+00
9.600000000000000000e+01 6.622521040306746931e-01 1.317226892204830691e+00
9.700000000000000000e+01 6.660795656244506979e-01 1.385034156943643513e+00
9.800000000000000000e+01 6.513668851906675439e-01 1.431074298766659147e+00
9.900000000000000000e+01 6.301920264017246698e-01 1.436132400112982266e+00
1.000000000000000000e+02 6.198213505680172375e-01 1.399806845844399961e+00
1.010000000000000000e+02 6.227306976778763659e-01 1.322761192680199649e+00
1.020000000000000000e+02 6.409159946752378545e-01 1.243050622785276005e+00
1.030000000000000000e+02 6.491069635176673902e-01 1.200765891264904184e+00
1.040000000000000000e+02 6.284038518319605693e-01 1.218459720225253839e+00
1.050000000000000000e+02 6.006835431274619719e-01 1.320089301952432237e+00
1.060000000000000000e+02 5.826493785771110767e-01 1.477187349362002466e+00
1.070000000000000000e+02 5.985921650867822574e-01 1.626228740371997938e+00
1.080000000000000000e+02 6.599890616899098950e-01 1.717897411571863930e+00
1.090000000000000000e+02 7.393316062593524585e-01 1.710716251620993056e+00
1.100000000000000000e+02 8.034027408896565747e-01 1.613315917919239340e+00
1.110000000000000000e+02 8.186305909068261055e-01 1.479497066583505660e+00
1.120000000000000000e+02 7.691235643309263237e-01 1.354904637149100255e+00
1.130000000000000000e+02 6.599261308860855380e-01 1.275770726403025801e+00
1.140000000000000000e+02 5.284930976350846743e-01 1.253342021356007807e+00
1.150000000000000000e+02 4.240781918469052059e-01 1.275903412821551619e+00
1.160000000000000000e+02 3.765540245027497179e-01 1.336602137013529479e+00
1.170000000000000000e+02 4.049711723625919468e-01 1.420847028140359125e+00
1.180000000000000000e+02 4.754335035076791005e-01 1.508762606079705471e+00
1.190000000000000000e+02 5.369672506768230491e-01 1.578143321690972822e+00
1.200000000000000000e+02 5.576412364619982576e-01 1.599744122021523829e+00
1.210000000000000000e+02 5.203670428200629638e-01 1.577021079808173409e+00
1.220000000000000000e+02 4.600208087738290041e-01 1.532106889039318132e+00
1.230000000000000000e+02 4.089025471609887274e-01 1.481199381796519221e+00
1.240000000000000000e+02 3.754657749287954038e-01 1.450636537318276353e+00
1.250000000000000000e+02 3.518876433882286991e-01 1.427018299273348223e+00
1.260000000000000000e+02 2.969744706119160638e-01 1.380305400103293056e+00
1.270000000000000000e+02 2.058730040417997842e-01 1.328516184087125573e+00
1.280000000000000000e+02 1.121267493810610555e-01 1.284555486029278271e+00
1.290000000000000000e+02 5.031197933999005667e-02 1.273310593855715656e+00
1.300000000000000000e+02 6.523038757285683220e-02 1.335836532722189496e+00
1.310000000000000000e+02 1.521416803497289139e-01 1.434718221315259612e+00
1.320000000000000000e+02 2.510900115563352575e-01 1.513611431721113121e+00
1.330000000000000000e+02 3.130656204743393900e-01 1.540311768432562234e+00
1.340000000000000000e+02 2.989752466796601338e-01 1.472233895481712462e+00
1.350000000000000000e+02 2.108476893311156952e-01 1.341096750465011089e+00
1.360000000000000000e+02 1.140627456230588893e-01 1.230064751702802939e+00
1.370000000000000000e+02 7.239832252407976676e-02 1.184158833612949824e+00
1.380000000000000000e+02 1.259037109517534003e-01 1.229551117085473599e+00
1.390000000000000000e+02 2.753487521684978567e-01 1.335440271634382503e+00
1.400000000000000000e+02 4.613234502579144358e-01 1.410145557521654158e+00
1.410000000000000000e+02 6.112857026388367476e-01 1.397789656683091852e+00
1.420000000000000000e+02 6.786996701958770695e-01 1.301568833908086642e+00
1.430000000000000000e+02 6.583726046628612938e-01 1.171389332226373314e+00
1.440000000000000000e+02 5.884326016376284496e-01 1.095263219746437144e+00
1.450000000000000000e+02 5.191611200599763887e-01 1.132443031037455583e+00
1.460000000000000000e+02 4.841284969000361205e-01 1.262504204476063485e+00
1.470000000000000000e+02 4.876048214413364890e-01 1.420160973724913456e+00
1.480000000000000000e+02 5.204383892833568392e-01 1.537901963216446122e+00
1.490000000000000000e+02 5.805975855006573205e-01 1.565867876230330191e+00
1.500000000000000000e+02 6.698630713905424638e-01 1.516589529567020200e+00
1.510000000000000000e+02 7.864853674078247092e-01 1.437483049854592299e+00
1.520000000000000000e+02 9.066267540409143066e-01 1.349985686842881005e+00
1.530000000000000000e+02 9.811336797156516853e-01 1.275883633046583476e+00
1.540000000000000000e+02 9.677562260491683332e-01 1.221920129491108620e+00
1.550000000000000000e+02 8.625653311529798417e-01 1.183662236962275571e+00
1.560000000000000000e+02 7.063764128511978990e-01 1.187400436757355848e+00
1.570000000000000000e+02 5.649787898148860288e-01 1.238475425393984253e+00
1.580000000000000000e+02 4.880740727557726366e-01 1.313643432567499936e+00
1.590000000000000000e+02 4.786717558002235862e-01 1.388770803341411675e+00
1.600000000000000000e+02 5.052610609958169130e-01 1.430690339489952390e+00
1.610000000000000000e+02 5.239533689101316671e-01 1.429723886339283379e+00
1.620000000000000000e+02 5.136302012734454969e-01 1.411428748898545749e+00
1.630000000000000000e+02 4.895628622762199789e-01 1.389890626544011187e+00
1.640000000000000000e+02 4.675140592364062098e-01 1.359821786578958580e+00
1.650000000000000000e+02 4.607201473095484667e-01 1.310987519374926524e+00
1.660000000000000000e+02 4.645259128015853389e-01 1.226102660297901048e+00
1.670000000000000000e+02 4.472656797769110071e-01 1.117729953522774933e+00
1.680000000000000000e+02 4.001860415420787076e-01 1.025166675038801545e+00
1.690000000000000000e+02 3.379025325171295946e-01 9.895718060001459371e-01
1.700000000000000000e+02 2.769091491449853226e-01 1.033946395591514689e+00
1.710000000000000000e+02 2.453047305415929358e-01 1.135684930988145602e+00
1.720000000000000000e+02 2.553453118349621187e-01 1.265623009478510141e+00
1.730000000000000000e+02 2.755650395974741373e-01 1.368951565004444815e+00
1.740000000000000000e+02 2.877299561571976527e-01 1.405342834104366112e+00
1.750000000000000000e+02 2.975809358408941785e-01 1.396177366484857130e+00
1.760000000000000000e+02 3.014681301311842310e-01 1.341625160974402320e+00
1.770000000000000000e+02 3.313145107276462831e-01 1.277198205849941814e+00
1.780000000000000000e+02 4.008580057904435057e-01 1.239698505411422236e+00
1.790000000000000000e+02 4.577525645193666337e-01 1.198831596418354906e+00
